[1, 1, 1]
[-0.5, 0.5, 2.0]
[-0.75, 0.0, 2.75]
[-0.875, -0.375, 3.25]
[-0.9375, -0.625, 3.5625]
[-0.96875, -0.78125, 3.75]
[-0.984375, -0.875, 3.859375]
[-0.9921875, -0.9296875, 3.921875]
[-0.99609375, -0.9609375, 3.95703125]
[-0.998046875, -0.978515625, 3.9765625]
[-0.9990234375, -0.98828125, 3.9873046875]
[-0.99951171875, -0.99365234375, 3.9931640625]
[-0.999755859375, -0.99658203125, 3.996337890625]
[-0.9998779296875, -0.9981689453125, 3.998046875]
[-0.99993896484375, -0.9990234375, 3.99896240234375]
[-0.999969482421875, -0.999481201171875, 3.99945068359375]
[-0.9999847412109375, -0.999725341796875, 3.9997100830078125]
[-0.9999923706054688, -0.9998550415039062, 3.999847412109375]
[-0.9999961853027344, -0.9999237060546875, 3.999919891357422]
[-0.9999980926513672, -0.9999599456787109, 3.999958038330078]
[-0.9999990463256836, -0.9999790191650391, 3.9999780654907227]
[-0.9999995231628418, -0.9999890327453613, 3.999988555908203]
